1 2 0 7 0
10 11 0 2 0 22 3 9 0
11 10 3 12 0 23 0
12 11 1 13 0 24 0 3 0
13 12 7 14 0 17 0 4 0
14 13 2 15 2 18 8 5 0
15 14 3 16 0 19 0
16 15 3 20 0 6 0
17 13 2 18 0 25 4
18 14 0 17 0 19 7 26 2
19 15 1 18 6 20 0
2 1 0 10 0 3 0
20 16 0 19 0 27 0
21 22 3 28 0 7 0
22 10 0 21 0 23 2 29 0
23 11 0 22 0 24 0
24 12 0 23 0 25 0
25 17 3 24 0 26 0 32 8
26 18 0 25 0 27 0 33 3
27 20 0 26 0 34 0
28 21 0 29 0
29 22 0 28 0 30 0
3 12 0 2 0 4 0
30 29 0 31 0 36 3
31 30 0 32 0 37 0
32 25 1 31 0 33 0 38 6
33 26 4 32 0 34 5 40 0
34 27 0 33 1 48 0
35 36 6
36 30 0 35 1 37 2 41 0
37 31 0 36 0 38 0
38 32 0 37 0 39 2 44 0
39 38 1 40 1 46 0
4 13 6 3 0 5 0
40 33 6 39 0 47 5
41 36 0 42 0
42 41 0 43 0
43 42 0 44 0
44 38 4 43 0 45 0 51 0
45 44 0 46 0
46 39 0 45 0 47 0 53 0
47 40 0 46 2 48 0 49 0
48 34 0 47 5 50 0
49 47 3 50 0 54 0
5 14 1 4 0 6 0
50 48 0 49 0 55 0
51 44 6 52 0
52 51 2 53 9
53 46 0 52 5 54 1
54 49 1 53 0 55 0
55 50 0 54 0
6 16 0 5 0
7 1 0 21 0 8 0
8 7 0 9 0
9 10 0 8 0