1 2 0 7 0
10 11 0 2 0 22 1 9 0
11 10 3 12 0 23 0
12 11 0 13 0 24 0 3 0
13 12 7 14 1 17 2 4 3
14 13 1 15 0 18 1 5 0
15 14 4 16 3 19 0
16 15 7 20 0 6 0
17 13 0 18 1 25 5
18 14 0 17 0 19 7 26 0
19 15 3 18 7 20 0
2 1 0 10 0 3 0
20 16 0 19 0 27 0
21 22 0 28 0 7 0
22 10 0 21 1 23 0 29 0
23 11 0 22 0 24 0
24 12 0 23 0 25 3
25 17 1 24 0 26 0 32 1
26 18 6 25 0 27 0 33 0
27 20 0 26 0 34 0
28 21 0 29 0
29 22 0 28 0 30 0
3 12 0 2 0 4 0
30 29 0 31 0 36 2
31 30 0 32 0 37 0
32 25 1 31 0 33 0 38 0
33 26 4 32 0 34 7 40 1
34 27 0 33 2 48 0
35 36 0
36 30 0 35 1 37 0 41 0
37 31 0 36 1 38 1
38 32 3 37 1 39 1 44 0
39 38 6 40 0 46 0
4 13 9 3 0 5 0
40 33 5 39 0 47 8
41 36 0 42 0
42 41 0 43 0
43 42 0 44 0
44 38 6 43 0 45 0 51 0
45 44 0 46 0
46 39 1 45 0 47 0 53 0
47 40 2 46 0 48 0 49 0
48 34 0 47 7 50 0
49 47 1 50 0 54 0
5 14 6 4 0 6 0
50 48 0 49 0 55 0
51 44 2 52 0
52 51 1 53 2
53 46 0 52 4 54 0
54 49 0 53 0 55 0
55 50 0 54 0
6 16 0 5 0
7 1 0 21 0 8 0
8 7 0 9 0
9 10 0 8 0