1 2 0 7 0
10 11 0 2 0 22 2 9 0
11 10 0 12 0 23 0
12 11 3 13 0 24 0 3 0
13 12 6 14 0 17 0 4 0
14 13 0 15 0 18 3 5 2
15 14 0 16 3 19 0
16 15 9 20 0 6 0
17 13 1 18 0 25 5
18 14 0 17 2 19 8 26 0
19 15 2 18 8 20 0
2 1 0 10 0 3 0
20 16 0 19 1 27 0
21 22 8 28 0 7 0
22 10 0 21 0 23 3 29 0
23 11 0 22 0 24 0
24 12 0 23 0 25 8
25 17 3 24 0 26 0 32 2
26 18 4 25 0 27 0 33 0
27 20 1 26 0 34 0
28 21 0 29 0
29 22 0 28 0 30 0
3 12 0 2 0 4 0
30 29 0 31 0 36 3
31 30 0 32 0 37 0
32 25 2 31 0 33 0 38 0
33 26 3 32 0 34 5 40 0
34 27 2 33 2 48 0
35 36 3
36 30 0 35 1 37 1 41 0
37 31 0 36 2 38 0
38 32 5 37 3 39 2 44 0
39 38 5 40 0 46 0
4 13 7 3 0 5 0
40 33 7 39 0 47 0
41 36 0 42 0
42 41 0 43 0
43 42 0 44 0
44 38 5 43 0 45 0 51 0
45 44 0 46 0
46 39 0 45 0 47 0 53 0
47 40 0 46 3 48 0 49 0
48 34 0 47 0 50 0
49 47 7 50 0 54 0
5 14 9 4 0 6 0
50 48 0 49 0 55 0
51 44 8 52 0
52 51 2 53 5
53 46 0 52 4 54 1
54 49 1 53 0 55 0
55 50 0 54 0
6 16 0 5 0
7 1 0 21 0 8 0
8 7 0 9 0
9 10 0 8 0