1 2 0 7 0
10 11 0 2 0 22 2 9 0
11 10 0 12 0 23 0
12 11 3 13 0 24 0 3 0
13 12 4 14 0 17 0 4 0
14 13 0 15 0 18 4 5 1
15 14 7 16 0 19 3
16 15 2 20 1 6 0
17 13 4 18 0 25 5
18 14 0 17 2 19 0 26 1
19 15 3 18 3 20 0
2 1 0 10 0 3 0
20 16 0 19 0 27 0
21 22 5 28 0 7 0
22 10 0 21 0 23 3 29 0
23 11 0 22 0 24 1
24 12 0 23 0 25 5
25 17 3 24 0 26 0 32 7
26 18 5 25 0 27 0 33 0
27 20 0 26 0 34 0
28 21 0 29 0
29 22 0 28 0 30 0
3 12 0 2 0 4 0
30 29 0 31 0 36 2
31 30 0 32 0 37 0
32 25 5 31 0 33 0 38 9
33 26 3 32 0 34 0 40 2
34 27 0 33 4 48 0
35 36 7
36 30 0 35 1 37 1 41 0
37 31 0 36 2 38 0
38 32 7 37 3 39 2 44 0
39 38 0 40 0 46 0
4 13 5 3 0 5 0
40 33 7 39 0 47 1
41 36 0 42 0
42 41 0 43 0
43 42 0 44 0
44 38 5 43 0 45 0 51 0
45 44 0 46 0
46 39 1 45 0 47 0 53 0
47 40 1 46 2 48 0 49 0
48 34 0 47 4 50 0
49 47 7 50 0 54 0
5 14 6 4 0 6 0
50 48 1 49 0 55 0
51 44 9 52 0
52 51 0 53 5
53 46 0 52 0 54 1
54 49 0 53 0 55 1
55 50 1 54 0
6 16 0 5 0
7 1 0 21 0 8 0
8 7 0 9 0
9 10 0 8 0