1 2 0 7 0
10 11 0 2 0 22 1 9 0
11 10 0 12 0 23 0
12 11 1 13 0 24 0 3 0
13 12 1 14 0 17 0 4 0
14 13 1 15 1 18 9 5 1
15 14 7 16 1 19 2
16 15 3 20 0 6 0
17 13 3 18 1 25 5
18 14 1 17 1 19 2 26 6
19 15 0 18 8 20 1
2 1 0 10 0 3 0
20 16 0 19 1 27 0
21 22 4 28 0 7 0
22 10 0 21 0 23 1 29 0
23 11 0 22 0 24 2
24 12 0 23 0 25 7
25 17 2 24 0 26 0 32 8
26 18 7 25 0 27 0 33 0
27 20 1 26 0 34 4
28 21 0 29 0
29 22 0 28 0 30 0
3 12 0 2 0 4 0
30 29 0 31 0 36 2
31 30 0 32 0 37 0
32 25 6 31 0 33 0 38 2
33 26 7 32 0 34 3 40 1
34 27 2 33 2 48 0
35 36 6
36 30 0 35 0 37 2 41 0
37 31 0 36 3 38 1
38 32 7 37 1 39 0 44 0
39 38 4 40 0 46 0
4 13 4 3 0 5 0
40 33 3 39 0 47 1
41 36 0 42 0
42 41 0 43 0
43 42 0 44 0
44 38 0 43 0 45 0 51 0
45 44 0 46 0
46 39 0 45 0 47 0 53 0
47 40 0 46 2 48 0 49 0
48 34 1 47 1 50 0
49 47 2 50 0 54 0
5 14 5 4 0 6 0
50 48 1 49 0 55 0
51 44 0 52 0
52 51 0 53 5
53 46 0 52 0 54 1
54 49 1 53 0 55 0
55 50 0 54 0
6 16 0 5 0
7 1 0 21 0 8 0
8 7 0 9 0
9 10 0 8 0