1 2 0 7 0
10 11 0 2 0 22 3 9 0
11 10 0 12 0 23 0
12 11 3 13 0 24 0 3 0
13 12 3 14 1 17 1 4 1
14 13 2 15 0 18 0 5 2
15 14 8 16 0 19 1
16 15 3 20 0 6 0
17 13 6 18 0 25 4
18 14 0 17 0 19 9 26 5
19 15 2 18 0 20 0
2 1 0 10 0 3 0
20 16 0 19 2 27 0
21 22 4 28 0 7 0
22 10 0 21 0 23 2 29 0
23 11 0 22 0 24 0
24 12 0 23 0 25 6
25 17 2 24 0 26 0 32 9
26 18 0 25 0 27 0 33 4
27 20 0 26 0 34 0
28 21 0 29 0
29 22 0 28 0 30 0
3 12 0 2 0 4 0
30 29 0 31 0 36 0
31 30 0 32 0 37 0
32 25 1 31 0 33 0 38 9
33 26 0 32 0 34 3 40 0
34 27 0 33 0 48 0
35 36 4
36 30 0 35 0 37 3 41 0
37 31 0 36 1 38 0
38 32 0 37 1 39 4 44 0
39 38 2 40 0 46 0
4 13 1 3 0 5 0
40 33 8 39 0 47 9
41 36 0 42 0
42 41 0 43 0
43 42 0 44 0
44 38 0 43 0 45 0 51 0
45 44 0 46 0
46 39 0 45 0 47 0 53 0
47 40 3 46 2 48 0 49 0
48 34 0 47 3 50 0
49 47 0 50 0 54 0
5 14 8 4 0 6 0
50 48 0 49 0 55 0
51 44 1 52 0
52 51 1 53 4
53 46 0 52 3 54 0
54 49 0 53 0 55 0
55 50 0 54 0
6 16 0 5 0
7 1 0 21 0 8 0
8 7 0 9 0
9 10 0 8 0