1 150 150 2 7
2 1150 150 1 3 10
3 2550 150 2 4 12
4 3200 150 3 5 13
5 4300 150 4 6 14
6 5850 150 5 16
7 150 1000 1 8 21
8 800 1000 7 9
9 973 900 8 10
10 1150 900 9 11 2 22
11 1900 900 10 12 23
12 2550 900 11 13 3 24
13 3200 900 12 14 4 17
14 4300 900 13 15 5 18
15 5250 900 14 16 19
16 5850 900 15 6 20
17 3200 1550 13 18 25
18 4300 1550 17 19 14 26
19 5250 1550 18 20 15
20 5850 1550 19 16 27
21 150 1950 7 22 28
22 1150 1950 21 23 10 29
23 1900 1950 22 24 11
24 2550 1950 23 25 12
25 3200 2250 24 26 17 32
26 4300 2250 25 27 18 33
27 5850 2250 26 20 34
28 150 3250 21 29
29 1150 3250 28 30 22
30 1800 3250 29 31 36
31 2450 3250 30 32 37
32 3200 3250 31 33 25 38
33 4300 3250 32 34 26 40
34 5850 3250 33 27 48
35 0 4100 36
36 1800 4100 35 37 30 41
37 2450 4100 36 38 31
38 3200 4100 37 39 32 44
39 3750 4100 38 40 46
40 4300 4100 39 33 47
41 1800 5500 36 42
42 2450 5500 41 43
43 2450 5100 42 44
44 3200 5100 43 45 38 51
45 3550 4750 44 46
46 3750 4750 45 47 39 53
47 4300 4750 46 48 40 49
48 5850 4750 47 34 50
49 4300 5300 50 47 54
50 5533 5300 49 48 55
51 3200 5500 44 52
52 3550 5850 51 53
53 3750 5850 52 54 46
54 4300 5850 53 55 49
55 5215 5850 54 50