1 2 0 7 0
10 11 0 2 0 22 0 9 0
11 10 2 12 0 23 0
12 11 0 13 0 24 0 3 0
13 12 6 14 1 17 0 4 0
14 13 0 15 0 18 4 5 0
15 14 6 16 1 19 1
16 15 2 20 0 6 0
17 13 0 18 1 25 5
18 14 0 17 0 19 9 26 0
19 15 3 18 3 20 0
2 1 0 10 0 3 0
20 16 0 19 2 27 0
21 22 7 28 0 7 0
22 10 0 21 0 23 0 29 0
23 11 0 22 0 24 0
24 12 0 23 0 25 1
25 17 0 24 0 26 0 32 5
26 18 5 25 0 27 0 33 0
27 20 0 26 0 34 0
28 21 0 29 0
29 22 0 28 0 30 0
3 12 0 2 0 4 0
30 29 0 31 0 36 1
31 30 0 32 0 37 0
32 25 5 31 0 33 0 38 9
33 26 3 32 0 34 1 40 0
34 27 0 33 4 48 0
35 36 7
36 30 0 35 0 37 0 41 0
37 31 0 36 5 38 1
38 32 6 37 0 39 0 44 0
39 38 6 40 0 46 0
4 13 5 3 0 5 0
40 33 7 39 0 47 1
41 36 0 42 0
42 41 0 43 0
43 42 0 44 0
44 38 5 43 0 45 0 51 0
45 44 0 46 0
46 39 0 45 0 47 0 53 0
47 40 0 46 1 48 0 49 0
48 34 0 47 5 50 0
49 47 7 50 0 54 0
5 14 4 4 0 6 0
50 48 0 49 0 55 0
51 44 9 52 0
52 51 0 53 5
53 46 0 52 0 54 1
54 49 0 53 0 55 1
55 50 0 54 0
6 16 0 5 0
7 1 0 21 0 8 0
8 7 0 9 0
9 10 0 8 0