1 2 0 7 0
10 11 0 2 0 22 0 9 0
11 10 3 12 0 23 0
12 11 0 13 0 24 0 3 0
13 12 1 14 1 17 0 4 3
14 13 0 15 0 18 9 5 0
15 14 8 16 0 19 4
16 15 2 20 0 6 0
17 13 6 18 2 25 6
18 14 1 17 0 19 9 26 3
19 15 0 18 8 20 0
2 1 0 10 0 3 0
20 16 0 19 1 27 0
21 22 6 28 0 7 0
22 10 0 21 2 23 0 29 0
23 11 0 22 0 24 4
24 12 0 23 0 25 7
25 17 5 24 1 26 0 32 6
26 18 7 25 0 27 0 33 0
27 20 1 26 0 34 3
28 21 0 29 0
29 22 0 28 0 30 0
3 12 0 2 0 4 0
30 29 0 31 0 36 0
31 30 0 32 0 37 0
32 25 6 31 1 33 0 38 2
33 26 7 32 0 34 3 40 0
34 27 2 33 3 48 0
35 36 4
36 30 0 35 1 37 0 41 0
37 31 0 36 5 38 2
38 32 5 37 0 39 1 44 0
39 38 7 40 3 46 0
4 13 0 3 0 5 0
40 33 3 39 0 47 7
41 36 0 42 0
42 41 0 43 0
43 42 0 44 0
44 38 0 43 0 45 0 51 0
45 44 0 46 0
46 39 0 45 0 47 0 53 0
47 40 0 46 0 48 0 49 0
48 34 1 47 2 50 0
49 47 0 50 0 54 0
5 14 0 4 0 6 0
50 48 1 49 0 55 0
51 44 0 52 0
52 51 0 53 5
53 46 0 52 1 54 1
54 49 0 53 0 55 1
55 50 1 54 0
6 16 0 5 0
7 1 0 21 0 8 0
8 7 0 9 0
9 10 0 8 0